2	148	1
3	69	1
4	160	1
5	160	1
6	315	1
7	160	1
8	160	1
9	160	1
10	160	1
11	160	1
12	69	1
13	69	1
14	69	1
15	69	1
16	69	1
17	160	1
18	69	1
19	160	1
20	69	1
21	160	1
22	69	1
23	69	1
24	69	1
25	148	1
26	160	1
27	69	1
28	148	1
29	160	1
30	315	1
31	69	1
32	148	1
33	69	1
34	69	1
35	69	1
36	160	1
37	69	1
38	160	1
39	69	1
40	69	1
41	160	1
42	315	1
43	160	1
44	160	1
45	315	1
46	69	1
47	69	1
48	69	1
49	69	1
50	69	1
51	69	1
52	69	1
53	160	1
54	69	1
55	160	1
56	315	1
57	69	1
58	160	1
59	160	1
60	69	1
61	69	1
62	160	1
63	160	1
64	148	1
65	69	1
66	315	1
67	160	1
68	148	2
69	148	2
70	148	2
71	148	2
72	148	2
73	148	2
74	148	2
75	148	2
76	148	2
77	148	2
78	148	2
79	148	2
80	148	2
81	148	2
82	266	2
83	148	2
84	148	2
85	148	2
86	148	2
87	148	2
88	148	2
89	148	2
90	69	2
91	148	2
92	148	2
93	148	2
94	148	2
95	148	2
96	148	2
97	148	2
98	148	2
99	148	2
100	148	2
101	148	2
102	148	2
103	148	2
104	148	2
105	148	2
106	148	2
107	148	2
108	148	2
109	148	2
110	148	2
111	148	2
112	160	2
113	148	2
114	148	2
115	148	2
116	148	2
117	148	2
118	148	2
119	148	2
120	148	2
121	148	2
122	148	2
123	148	2
124	148	2
125	266	2
126	148	2
127	69	2
128	266	2
129	69	2
130	160	2
131	148	2
132	148	2
133	160	2
134	69	2
135	148	2
136	148	2
137	266	2
138	148	2
139	148	2
140	148	2
141	148	2
142	148	2
143	148	2
144	148	2
145	148	2
146	160	2
147	148	2
148	148	2
149	148	2
150	148	2
151	148	2
152	148	2
153	148	2
154	148	2
155	148	2
156	148	2
157	148	2
158	148	2
159	148	2
160	148	2
161	148	2
162	148	2
163	148	2
164	148	2
165	148	2
166	148	2
167	148	2
168	148	2
169	148	2
170	148	2
171	148	2
172	148	2
173	148	2
174	148	2
175	148	2
176	266	2
177	148	2
178	148	2
179	148	2
180	69	2
181	69	2
182	148	2
183	148	2
184	148	2
185	148	2
186	148	2
187	160	2
188	69	2
189	160	2
190	69	2
191	160	2
192	148	2
193	148	2
194	148	2
195	148	2
196	148	2
197	148	2
198	148	2
199	69	2
200	148	2
201	148	2
202	148	2
203	266	3
204	148	3
205	266	3
206	148	3
207	266	3
208	266	3
209	148	3
210	266	3
211	315	3
212	266	3
213	148	3
214	266	3
215	148	3
216	266	3
217	266	3
218	266	3
219	148	3
220	266	3
221	69	3
222	266	3
223	148	3
224	148	3
225	148	3
226	266	3
227	266	3
228	148	3
229	266	3
230	148	3
231	148	3
232	266	3
233	148	3
234	148	3
235	266	3
236	266	3
237	266	3
238	69	3
239	266	3
240	266	3
241	160	3
242	266	3
243	266	3
244	266	3
245	148	3
246	148	3
247	148	3
248	266	3
249	266	3
250	266	3
251	266	3
252	148	3
253	148	3
254	266	3
255	266	3
257	266	3
256	266	3
258	266	3
259	266	3
260	266	3
261	266	3
262	266	3
263	266	3
264	148	3
270	266	3
271	266	3
268	266	3
269	148	3
265	148	3
266	266	3
267	160	3
273	148	3
272	148	3
274	148	3
275	266	3
276	266	3
277	148	3
278	266	4
279	266	4
280	315	4
286	266	4
287	266	4
284	315	4
285	266	4
281	266	4
282	266	4
283	315	4
289	266	4
288	266	4
290	266	4
291	315	4
292	266	4
293	160	4
294	160	4
295	266	4
296	266	4
302	266	4
303	266	4
300	266	4
301	266	4
297	266	4
298	266	4
299	160	4
305	266	4
304	266	4
306	266	4
307	266	4
308	266	4
309	266	4
310	266	4
311	160	4
312	266	4
318	266	4
319	315	4
316	266	4
317	266	4
313	315	4
314	266	4
315	266	4
321	266	4
320	315	4
322	266	4
323	266	4
324	160	4
325	266	4
326	266	4
327	266	4
328	266	4
334	315	5
335	315	5
332	160	5
333	315	5
329	266	4
330	266	4
331	266	4
337	315	5
336	315	5
338	315	5
339	315	5
340	315	5
341	315	5
342	266	5
343	315	5
344	315	5
350	315	5
351	315	5
348	315	5
349	315	5
345	315	5
346	315	5
347	160	5
353	315	5
352	315	5
354	160	5
355	160	5
356	315	5
357	315	5
358	315	5
359	160	5
360	160	5
366	160	5
367	315	5
364	315	5
365	315	5
361	266	5
362	160	5
363	315	5
369	160	5
368	315	5
370	160	5
371	315	5
372	315	5
373	315	5
374	315	5
375	315	5
376	315	5
382	315	5
383	315	5
380	315	5
381	315	5
377	315	5
378	315	5
379	160	5
384	315	5
385	315	5
386	315	5
1	69	1
